shpae: [4, 2, 6, 6], offset: 0, length: 288
[-1.8532169, 0.36545005, -2.5136025, 2.6783538, -2.6760354, -0.117186666]
[1.7663522, 1.7068102, 3.0745633, -2.287398, 1.88994, 1.056175]
[-0.36193174, -1.4839232, -0.9798865, 0.6192682, -1.1123323, -1.4559048]
[0.68421537, 2.8105516, 2.3046443, -1.2001038, 1.848086, 2.417714]
[0.31061208, 1.1671152, 1.1670393, -1.574399, 0.9437448, 0.92829275]
[-0.12310061, 1.3871028, -0.12141633, 1.9101763, -0.8588732, 1.154938]
[2.2379644, -3.0610118, 0.5272588, -1.7246494, 0.30025777, -4.279869]
[0.14354697, 6.860226, 3.5560682, -1.1796179, 2.6467083, 4.8412695]
[2.5053687, -0.85080254, 2.4564028, -2.2313557, 1.6170437, -1.978769]
[-0.7759395, 0.7974089, 0.28820476, 0.19883561, 1.0642601, 1.4631102]
[3.2753553, 1.0239694, 2.4442573, -2.090554, 2.2321312, -0.4051291]
[-3.563111, 4.951357, -0.021095246, 2.0313303, -0.119133994, 10.077944]
[0.395211, -0.054864556, -1.2619537, -1.8250676, 0.62774074, 0.71167153]
[-4.152029, 5.917126, 0.9788095, -0.84193563, 3.3883915, -0.4137898]
[-1.0939598, 0.14112687, 4.6623783, 0.6567267, 0.56388164, -0.9833884]
[2.039835, -0.55467844, -2.623842, -0.87420124, 1.5977066, 2.02245]
[-2.0328445, -1.1028641, -1.1652356, 1.6189609, -1.5517703, -4.4600415]
[-2.0989215, 4.901691, 3.009978, -1.1907195, 2.6979785, 9.873416]
[-1.2286625, -1.1659315, -0.93145573, 2.3899689, -2.0581837, -2.201299]
[-0.56755567, 0.25251034, -0.5357831, 1.2207565, -0.36284512, -0.48706976]
[0.7968266, -1.1759611, 4.035993, -0.71033263, 0.58709013, -0.3584416]
[-0.74744654, -0.7663273, -2.7289155, 4.2344227, -2.749015, -1.4247185]
[-0.78656816, 0.5636473, 2.0158174, -0.3188579, 1.7288184, -0.42880633]
[2.1277816, 0.43461582, -0.07619041, -0.18884885, 0.48225698, 3.6437328]
[-3.042476, 0.57118165, 0.02790185, 0.98660463, -3.0875874, -0.3979603]
[0.93438864, 3.4821308, 0.47397172, 2.891501, -0.45005015, 0.8948519]
[-4.141545, -0.10979086, 3.476965, -1.3769444, 0.054961383, 0.20825958]
[4.0524993, 1.2047651, -0.03570789, 1.283169, 0.67909336, 1.2225215]
[-0.73392636, 0.0096389055, 2.2554622, -0.024662182, -0.67029995, 3.460464]
[1.5476594, 0.015300825, 0.8615886, -0.12178385, 1.0870095, 2.3511794]
[0.62334824, 0.73283553, 0.09397265, 1.2056193, -0.44849092, -0.59465617]
[4.1085505, 2.1027908, -0.556064, 0.95834327, 3.1187074, -3.5894933]
[1.7894647, -0.31671447, 0.044089317, -0.34265065, 1.5401498, -0.18657753]
[5.6137085, 1.5966189, -2.369012, 2.741695, 0.8672474, -0.879057]
[-3.3246737, 1.4410336, 2.6091766, 1.1573783, -1.8002598, 1.1217196]
[-1.3829707, 0.6529301, 2.008851, -0.12492892, -0.79084665, 2.4683037]
[-0.37943935, 0.23589566, -1.0624785, 0.65847456, -0.40268496, -0.6114051]
[-4.7216263, 1.8836063, 1.3662314, -0.11894685, -1.0868914, -3.8236287]
[0.91449314, 3.7271304, 5.2190413, -0.07603368, 2.8462687, -1.0743911]
[-0.49880475, -0.35805973, -0.58913285, 1.3908033, -1.3584417, -3.615354]
[1.9470046, 0.7289052, 1.0340704, -0.13067165, 1.3740879, -1.0284587]
[2.166848, 0.25888854, -0.257311, 2.1592042, 1.7495269, 7.312648]
[0.9023752, -0.23756808, -0.9806545, 1.3195245, 0.30478245, 0.4645355]
[3.0333414, 1.4362355, 1.1089841, 0.62948024, 1.4309568, -0.85902685]
[0.8621608, 1.2792765, 2.2030847, -0.510211, 0.82078576, -0.9228921]
[1.0134556, -0.12945022, 0.4093581, -0.8081951, -0.32715023, 0.11215973]
[0.74050134, 1.1445898, 1.2650652, 1.3823225, 2.9754689, 2.4249585]
[2.8040204, 0.52353907, 0.5516655, 0.08986667, 1.7050226, 1.9307129]
shpae: [4, 2, 6, 6], offset: 0, length: 288
[2.0367343, 0.08749211, 0.8908068, 1.1732713, -0.23402584, -0.5653347]
[7.6763873, 4.934377, 5.880515, 6.45846, 4.711581, 4.2920213]
[6.9408627, 4.6495547, 5.1826205, 5.8104386, 4.0060854, 3.7629848]
[4.651961, 1.7878361, 2.7703438, 3.2948148, 1.412308, 1.8029177]
[3.3685384, 0.4556604, 1.7130119, 2.0797877, 0.29357553, 0.38088882]
[6.667756, 3.0232549, 5.053449, 5.5582447, 2.072031, 1.9349837]
[0.67547584, 0.1258097, 0.51346534, -0.02357483, -1.2822357, -1.1961336]
[4.6850224, 3.8474052, 2.5499837, 3.1336808, 1.6190953, 0.55783415]
[2.9250329, 2.3839312, 0.95713997, 0.66999507, -2.5975125, -5.0981693]
[-0.12668186, -0.43013048, -0.018814802, -1.1278187, -2.6548395, -5.419223]
[-1.3238645, -3.8232255, -0.096072674, 0.43025637, -1.3684168, -8.782165]
[-2.0143323, -9.60494, -4.1893244, -1.4442837, 2.8086305, -4.3210254]
[2.623715, 2.4687521, 2.425718, 2.6581717, 2.5332146, 1.1513065]
[3.9809604, 3.0338116, 3.3756628, 3.956888, 3.792183, 0.4758615]
[2.0860527, 1.9308484, 1.6207702, 1.7776191, 1.4641672, 0.5561068]
[3.061902, 3.140439, 2.60429, 3.019603, 2.808181, 1.2187716]
[1.7416116, 2.4986374, 2.7230978, 1.3020726, 1.6039786, 1.9984243]
[5.857267, 6.2572894, 5.7181864, 6.3107944, 5.756178, 2.5438352]
[-0.1832681, 0.23068312, 0.76305, -0.06653228, 0.5686923, -0.8623293]
[7.8361816, 4.490777, 7.2383957, 6.0448933, 3.8503587, 2.8073933]
[5.7786202, 3.4943788, 4.841599, 4.635394, 2.8504167, 2.1666963]
[3.233654, 2.1927028, 3.6519692, 2.3784907, 1.5300035, 0.19573058]
[3.806694, 3.4497433, 4.8686604, 3.046885, 1.822031, 1.0206928]
[7.0965233, 4.970875, 7.0122256, 5.767925, 4.2809224, 1.902416]
[3.9680831, 2.5841784, -0.5928579, 1.8407001, 0.05157297, 0.752598]
[5.8718233, 2.4262097, -0.86215484, 3.108751, 0.625759, -0.18421575]
[3.327691, 1.5445876, 0.21784887, 1.5618348, 0.058858532, -0.10387752]
[3.4539173, 1.7514093, -0.8241653, 1.3318521, -0.49673098, 0.35539347]
[1.4074552, 0.22917743, 1.1604027, 0.49045068, -0.31432405, 0.28646445]
[3.592013, 2.3882976, 1.0047408, 2.328204, 0.40778184, 1.075104]
[1.3538157, 3.152951, 1.2161771, 1.6623701, 0.7978797, 0.71684194]
[4.2162294, 5.008083, 1.6776706, 4.3328414, 0.91562074, 1.1303194]
[5.258389, 6.6022615, 2.8714457, 4.5879345, 1.9793229, 1.3312606]
[5.5842924, 6.5920925, 2.2800684, 4.424758, 1.8702809, 1.1929398]
[5.013594, 4.8736773, 1.174003, 4.3476095, 1.7255787, 0.2263632]
[2.2760422, 5.7564206, 4.660696, 3.29554, 2.8752823, -0.15669492]
[-1.0910113, -1.2107279, -0.34457582, -1.5070052, -0.87820256, -1.0978037]
[3.2903655, 4.017004, 8.556543, 2.686288, 2.1624277, 0.057678502]
[0.26986337, -2.0041354, -1.7709335, -1.0488598, -2.5598795, -2.1798933]
[-0.87616366, -2.7547665, -1.9556628, -2.4575887, -2.7302938, -2.50716]
[3.1415613, 0.5055378, 0.74755687, 2.6992736, 0.75030905, 0.8371272]
[4.40746, -1.1429509, -0.48627067, 2.8224435, 1.3230205, 2.087522]
[1.1179855, -0.48766738, -0.5997715, -0.023797182, -0.034947798, 0.37270647]
[3.784042, 4.33556, 8.472728, 4.176142, 3.6565652, 1.2174932]
[3.5211623, 2.6282754, 3.438595, 2.8739688, 1.1698625, 0.3045022]
[1.5189658, 2.6790762, 3.8328574, 1.3579794, 1.663066, 0.22140571]
[1.163195, 0.7663134, 2.3751304, 1.1680799, 0.68073684, -1.0845432]
[1.9827218, 4.185723, 6.4334245, 3.8359652, 4.798471, 0.9350344]